nParameters 3
nEntries 100
Parameter_1_SampleLogSpace 1
Density Kernel_0_Parameter Rate_0_Sporulation Kernel_0_WithinCellProportion
1 0.0 0.1 33.11545195869231 2980.9579870417283 0 1
1 0.1 0.2 35.163197145106615 3229.2332366446813 0 1
1 0.2 0.30000000000000004 37.33756782205366 3498.186603763332 0 1
1 0.30000000000000004 0.4 39.646394072572605 3789.5403081706027 0 1
1 0.4 0.5 42.09799016499691 4105.160008274192 0 1
1 0.5 0.6 44.701184493300815 4447.066747699858 0 1
1 0.6 0.7 47.46535136885352 4817.449896870594 0 1
1 0.7 0.7999999999999999 50.400444778065484 5218.681172451978 0 1
1 0.7999999999999999 0.8999999999999999 53.51703422749116 5653.329824436018 0 1
1 0.8999999999999999 0.9999999999999999 56.826342805469025 6124.179088112683 0 1
1 0.9999999999999999 1.0999999999999999 60.34028759736195 6634.24400627789 0 1
1 1.0999999999999999 1.2 64.07152259993664 7186.790735800932 0 1
1 1.2 1.3 68.03348428941966 7785.357462179364 0 1
1 1.3 1.4000000000000001 72.24044000732538 8433.777056005627 0 1
1 1.4000000000000001 1.5000000000000002 76.70753933829559 9136.201616424696 0 1
1 1.5000000000000002 1.6000000000000003 81.45086866496814 9897.129058743909 0 1
1 1.6000000000000003 1.7000000000000004 86.48750909632939 10721.43191644733 0 1
1 1.7000000000000004 1.8000000000000005 91.83559797815683 11614.38854204492 0 1
1 1.8000000000000005 1.9000000000000006 97.51439420705401 12581.716906549504 0 1
1 1.9000000000000006 2.0000000000000004 103.54434758328111 13629.611214012439 0 1
1 2.0000000000000004 2.1000000000000005 109.94717245212352 14764.781565577294 0 1
1 2.1000000000000005 2.2000000000000006 116.7459258989899 15994.496927035483 0 1
1 2.2000000000000006 2.3000000000000007 123.96509077982394 17326.631675024437 0 1
1 2.3000000000000007 2.400000000000001 131.63066388583033 18769.716019921245 0 1
1 2.400000000000001 2.500000000000001 139.770249560003 20332.990628312218 0 1
1 2.500000000000001 2.600000000000001 148.4131591025766 22026.465794806718 0 1
1 2.600000000000001 2.700000000000001 154.47001502589086 22026.465794806718 0 1
1 2.700000000000001 2.800000000000001 160.7740559286073 22026.465794806718 0 1
1 2.800000000000001 2.9000000000000012 167.3353696211041 22026.465794806718 0 1
1 2.9000000000000012 3.0000000000000013 174.16445560511082 22026.465794806718 0 1
1 3.0000000000000013 3.1000000000000014 181.27224187515122 22026.465794806718 0 1
1 3.1000000000000014 3.2000000000000015 188.670102405666 22026.465794806718 0 1
1 3.2000000000000015 3.3000000000000016 196.3698753517984 22026.465794806718 0 1
1 3.3000000000000016 3.4000000000000017 204.38388199296807 22026.465794806718 0 1
1 3.4000000000000017 3.5000000000000018 212.72494644954682 22026.465794806718 0 1
1 3.5000000000000018 3.600000000000002 221.40641620418717 22026.465794806718 0 1
1 3.600000000000002 3.700000000000002 230.44218346064218 22026.465794806718 0 1
1 3.700000000000002 3.800000000000002 239.84670737425537 22026.465794806718 0 1
1 3.800000000000002 3.900000000000002 249.63503718969392 22026.465794806718 0 1
1 3.900000000000002 4.000000000000002 259.822836322951 22026.465794806718 0 1
1 4.000000000000002 4.100000000000001 270.42640742615276 22026.465794806718 0 1
1 4.100000000000001 4.200000000000001 281.46271847528027 22026.465794806718 0 1
1 4.200000000000001 4.300000000000001 292.9494299225507 22026.465794806718 0 1
1 4.300000000000001 4.4 304.90492295690876 22026.465794806718 0 1
1 4.4 4.5 317.34832891785044 22026.465794806718 0 1
1 4.5 4.6 330.2995599096486 22026.465794806718 0 1
1 4.6 4.699999999999999 343.77934066496647 22026.465794806718 0 1
1 4.699999999999999 4.799999999999999 357.80924170885254 22026.465794806718 0 1
1 4.799999999999999 4.899999999999999 372.4117138761822 22026.465794806718 0 1
1 4.899999999999999 4.999999999999998 387.61012423778305 22026.465794806718 0 1
1 4.999999999999998 5.099999999999998 403.42879349273477 22026.465794806718 0 1
1 5.099999999999998 5.1999999999999975 403.4287934927351 22026.465794806718 0 1
1 5.1999999999999975 5.299999999999997 403.4287934927351 22026.465794806718 0 1
1 5.299999999999997 5.399999999999997 403.4287934927351 22026.465794806718 0 1
1 5.399999999999997 5.4999999999999964 403.4287934927351 22026.465794806718 0 1
1 5.4999999999999964 5.599999999999996 403.4287934927351 22026.465794806718 0 1
1 5.599999999999996 5.699999999999996 403.4287934927351 22026.465794806718 0 1
1 5.699999999999996 5.799999999999995 403.4287934927351 22026.465794806718 0 1
1 5.799999999999995 5.899999999999995 403.4287934927351 22026.465794806718 0 1
1 5.899999999999995 5.999999999999995 403.4287934927351 22026.465794806718 0 1
1 5.999999999999995 6.099999999999994 403.4287934927351 22026.465794806718 0 1
1 6.099999999999994 6.199999999999994 403.4287934927351 22026.465794806718 0 1
1 6.199999999999994 6.299999999999994 403.4287934927351 22026.465794806718 0 1
1 6.299999999999994 6.399999999999993 403.4287934927351 22026.465794806718 0 1
1 6.399999999999993 6.499999999999993 403.4287934927351 22026.465794806718 0 1
1 6.499999999999993 6.5999999999999925 403.4287934927351 22026.465794806718 0 1
1 6.5999999999999925 6.699999999999992 403.4287934927351 22026.465794806718 0 1
1 6.699999999999992 6.799999999999992 403.4287934927351 22026.465794806718 0 1
1 6.799999999999992 6.8999999999999915 403.4287934927351 22026.465794806718 0 1
1 6.8999999999999915 6.999999999999991 403.4287934927351 22026.465794806718 0 1
1 6.999999999999991 7.099999999999991 403.4287934927351 22026.465794806718 0 1
1 7.099999999999991 7.19999999999999 403.4287934927351 22026.465794806718 0 1
1 7.19999999999999 7.29999999999999 403.4287934927351 22026.465794806718 0 1
1 7.29999999999999 7.39999999999999 403.4287934927351 22026.465794806718 0 1
1 7.39999999999999 7.499999999999989 403.4287934927351 22026.465794806718 0 1
1 7.499999999999989 7.599999999999989 403.4287934927351 22026.465794806718 0 1
1 7.599999999999989 7.699999999999989 403.4287934927351 22026.465794806718 0 1
1 7.699999999999989 7.799999999999988 403.4287934927351 22026.465794806718 0 1
1 7.799999999999988 7.899999999999988 403.4287934927351 22026.465794806718 0 1
1 7.899999999999988 7.999999999999988 403.4287934927351 22026.465794806718 0 1
1 7.999999999999988 8.099999999999987 403.4287934927351 22026.465794806718 0 1
1 8.099999999999987 8.199999999999987 403.4287934927351 22026.465794806718 0 1
1 8.199999999999987 8.299999999999986 403.4287934927351 22026.465794806718 0 1
1 8.299999999999986 8.399999999999986 403.4287934927351 22026.465794806718 0 1
1 8.399999999999986 8.499999999999986 403.4287934927351 22026.465794806718 0 1
1 8.499999999999986 8.599999999999985 403.4287934927351 22026.465794806718 0 1
1 8.599999999999985 8.699999999999985 403.4287934927351 22026.465794806718 0 1
1 8.699999999999985 8.799999999999985 403.4287934927351 22026.465794806718 0 1
1 8.799999999999985 8.899999999999984 403.4287934927351 22026.465794806718 0 1
1 8.899999999999984 8.999999999999984 403.4287934927351 22026.465794806718 0 1
1 8.999999999999984 9.099999999999984 403.4287934927351 22026.465794806718 0 1
1 9.099999999999984 9.199999999999983 403.4287934927351 22026.465794806718 0 1
1 9.199999999999983 9.299999999999983 403.4287934927351 22026.465794806718 0 1
1 9.299999999999983 9.399999999999983 403.4287934927351 22026.465794806718 0 1
1 9.399999999999983 9.499999999999982 403.4287934927351 22026.465794806718 0 1
1 9.499999999999982 9.599999999999982 403.4287934927351 22026.465794806718 0 1
1 9.599999999999982 9.699999999999982 403.4287934927351 22026.465794806718 0 1
1 9.699999999999982 9.799999999999981 403.4287934927351 22026.465794806718 0 1
1 9.799999999999981 9.89999999999998 403.4287934927351 22026.465794806718 0 1
1 9.89999999999998 9.99999999999998 403.4287934927351 22026.465794806718 0 1
