nParameters 3
nEntries 100
Parameter_1_SampleLogSpace 1
Density Kernel_0_Parameter Rate_0_Sporulation Kernel_0_WithinCellProportion
1 3.5 3.515 54.598150033144236 244.69193226422038 0 1
1 3.515 3.5300000000000002 54.598150033144236 247.1511270676237 0 1
1 3.5300000000000002 3.5450000000000004 54.598150033144236 249.63503718969392 0 1
1 3.5450000000000004 3.5600000000000005 54.598150033144236 252.1439110235128 0 1
1 3.5600000000000005 3.5750000000000006 54.598150033144236 254.67799945855464 0 1
1 3.5750000000000006 3.5900000000000007 54.598150033144236 257.23755590577497 0 1
1 3.5900000000000007 3.605000000000001 54.598150033144236 259.822836322951 0 1
1 3.605000000000001 3.620000000000001 54.598150033144236 262.434099240279 0 1
1 3.620000000000001 3.635000000000001 54.598150033144236 265.07160578622717 0 1
1 3.635000000000001 3.6500000000000012 54.598150033144236 267.7356197136474 0 1
1 3.6500000000000012 3.6650000000000014 54.598150033144236 270.42640742615276 0 1
1 3.6650000000000014 3.6800000000000015 54.598150033144236 273.1442380047571 0 1
1 3.6800000000000015 3.6950000000000016 54.598150033144236 275.8893832347826 0 1
1 3.6950000000000016 3.7100000000000017 54.598150033144236 278.66211763304017 0 1
1 3.7100000000000017 3.725000000000002 54.598150033144236 281.46271847528055 0 1
1 3.725000000000002 3.740000000000002 54.598150033144236 284.2914658239212 0 1
1 3.740000000000002 3.755000000000002 54.598150033144236 287.1486425560546 0 1
1 3.755000000000002 3.7700000000000022 54.598150033144236 290.0345343917352 0 1
1 3.7700000000000022 3.7850000000000024 54.598150033144236 292.94942992255096 0 1
1 3.7850000000000024 3.8000000000000025 54.598150033144236 295.8936206404843 0 1
1 3.8000000000000025 3.8150000000000026 54.598150033144236 298.8674009670608 0 1
1 3.8150000000000026 3.8300000000000027 54.598150033144236 301.87106828279076 0 1
1 3.8300000000000027 3.845000000000003 54.598150033144236 304.90492295690905 0 1
1 3.845000000000003 3.860000000000003 54.598150033144236 307.9692683774116 0 1
1 3.860000000000003 3.875000000000003 54.598150033144236 311.0644109813935 0 1
1 3.875000000000003 3.8900000000000032 54.598150033144236 314.1906602856948 0 1
1 3.8900000000000032 3.9050000000000034 54.598150033144236 317.3483289178513 0 1
1 3.9050000000000034 3.9200000000000035 54.598150033144236 320.53773264735713 0 1
1 3.9200000000000035 3.9350000000000036 54.598150033144236 323.7591904172434 0 1
1 3.9350000000000036 3.9500000000000037 54.598150033144236 327.0130243759719 0 1
1 3.9500000000000037 3.965000000000004 54.598150033144236 330.2995599096495 0 1
1 3.965000000000004 3.980000000000004 54.598150033144236 333.6191256745686 0 1
1 3.980000000000004 3.995000000000004 54.598150033144236 336.97205363007225 0 1
1 3.995000000000004 4.010000000000004 54.598150033144236 340.35867907174963 0 1
1 4.010000000000004 4.025000000000004 54.598150033144236 343.7793406649674 0 1
1 4.025000000000004 4.040000000000004 54.598150033144236 347.2343804787354 0 1
1 4.040000000000004 4.055000000000003 54.598150033144236 350.72414401991415 0 1
1 4.055000000000003 4.070000000000003 54.598150033144236 354.24898026776606 0 1
1 4.070000000000003 4.085000000000003 54.598150033144236 357.80924170885316 0 1
1 4.085000000000003 4.100000000000002 54.598150033144236 361.40528437228653 0 1
1 4.100000000000002 4.115000000000002 54.598150033144236 365.03746786532923 0 1
1 4.115000000000002 4.130000000000002 54.598150033144236 368.70615540935734 0 1
1 4.130000000000002 4.145000000000001 54.598150033144236 372.41171387618255 0 1
1 4.145000000000001 4.160000000000001 54.598150033144236 376.15451382473947 0 1
1 4.160000000000001 4.175000000000001 54.598150033144236 379.93492953814206 0 1
1 4.175000000000001 4.19 54.598150033144236 383.7533390611119 0 1
1 4.19 4.205 54.598150033144236 387.6101242377834 0 1
1 4.205 4.22 54.598150033144236 391.50567074988817 0 1
1 4.22 4.234999999999999 54.598150033144236 395.44036815532377 0 1
1 4.234999999999999 4.249999999999999 54.598150033144236 399.4146099271096 0 1
1 4.249999999999999 4.264999999999999 54.598150033144236 403.42879349273477 0 1
1 4.264999999999999 4.2799999999999985 54.598150033144236 407.483320273901 0 1
1 4.2799999999999985 4.294999999999998 54.598150033144236 411.5785957266652 0 1
1 4.294999999999998 4.309999999999998 54.598150033144236 415.71502938198535 0 1
1 4.309999999999998 4.3249999999999975 54.598150033144236 419.893034886674 0 1
1 4.3249999999999975 4.339999999999997 54.598150033144236 424.11303004476343 0 1
1 4.339999999999997 4.354999999999997 54.598150033144236 428.37543685928597 0 1
1 4.354999999999997 4.3699999999999966 54.598150033144236 432.6806815744752 0 1
1 4.3699999999999966 4.384999999999996 54.598150033144236 437.0291947183903 0 1
1 4.384999999999996 4.399999999999996 54.598150033144236 441.42141114596944 0 1
1 4.399999999999996 4.414999999999996 54.598150033144236 445.8577700825156 0 1
1 4.414999999999996 4.429999999999995 54.598150033144236 450.33871516761934 0 1
1 4.429999999999995 4.444999999999995 54.598150033144236 454.8646944995234 0 1
1 4.444999999999995 4.459999999999995 54.598150033144236 459.4361606799326 0 1
1 4.459999999999995 4.474999999999994 54.598150033144236 464.0535708592745 0 1
1 4.474999999999994 4.489999999999994 54.598150033144236 468.7173867824149 0 1
1 4.489999999999994 4.504999999999994 54.598150033144236 473.4280748348327 0 1
1 4.504999999999994 4.519999999999993 54.598150033144236 478.1861060892587 0 1
1 4.519999999999993 4.534999999999993 54.598150033144236 482.99195635278335 0 1
1 4.534999999999993 4.549999999999993 54.598150033144236 487.8461062144379 0 1
1 4.549999999999993 4.564999999999992 54.598150033144236 492.7490410932537 0 1
1 4.564999999999992 4.579999999999992 54.598150033144236 497.7012512868044 0 1
1 4.579999999999992 4.594999999999992 54.598150033144236 502.7032320202362 0 1
1 4.594999999999992 4.609999999999991 54.598150033144236 507.75548349579077 0 1
1 4.609999999999991 4.624999999999991 54.598150033144236 512.8585109428259 0 1
1 4.624999999999991 4.639999999999991 54.598150033144236 518.0128246683388 0 1
1 4.639999999999991 4.6549999999999905 54.598150033144236 523.2189401079974 0 1
1 4.6549999999999905 4.66999999999999 54.598150033144236 528.4773778776839 0 1
1 4.66999999999999 4.68499999999999 54.598150033144236 533.7886638255576 0 1
1 4.68499999999999 4.6999999999999895 54.598150033144236 539.1533290846392 0 1
1 4.6999999999999895 4.714999999999989 54.598150033144236 544.5719101259251 0 1
1 4.714999999999989 4.729999999999989 54.598150033144236 550.044948812035 0 1
1 4.729999999999989 4.744999999999989 54.598150033144236 555.5729924513986 0 1
1 4.744999999999989 4.759999999999988 54.598150033144236 561.1565938529862 0 1
1 4.759999999999988 4.774999999999988 54.598150033144236 566.7963113815913 0 1
1 4.774999999999988 4.789999999999988 54.598150033144236 572.4927090136663 0 1
1 4.789999999999988 4.804999999999987 54.598150033144236 578.2463563937215 0 1
1 4.804999999999987 4.819999999999987 54.598150033144236 584.0578288912897 0 1
1 4.819999999999987 4.834999999999987 54.598150033144236 589.9277076584634 0 1
1 4.834999999999987 4.849999999999986 54.598150033144236 595.8565796880112 0 1
1 4.849999999999986 4.864999999999986 54.598150033144236 601.8450378720764 0 1
1 4.864999999999986 4.879999999999986 54.598150033144236 607.8936810614681 0 1
1 4.879999999999986 4.894999999999985 54.598150033144236 614.0031141255457 0 1
1 4.894999999999985 4.909999999999985 54.598150033144236 620.1739480127068 0 1
1 4.909999999999985 4.924999999999985 54.598150033144236 626.4067998114825 0 1
1 4.924999999999985 4.939999999999984 54.598150033144236 632.7022928122468 0 1
1 4.939999999999984 4.954999999999984 54.598150033144236 639.0610565695459 0 1
1 4.954999999999984 4.969999999999984 54.598150033144236 645.4837269650548 0 1
1 4.969999999999984 4.9849999999999834 54.598150033144236 651.9709462711648 0 1
1 4.9849999999999834 4.999999999999983 54.598150033144236 658.5233632152131 0 1
