nParameters 3
nEntries 100
Parameter_1_SampleLogSpace 1
Density Kernel_0_Parameter Rate_0_Sporulation Kernel_0_WithinCellProportion
1 1.5 1.535 33.11545195869231 244.69193226422038 0 1
1 1.535 1.5699999999999998 33.615927923922776 248.3899772474746 0 1
1 1.5699999999999998 1.6049999999999998 34.123967614754356 252.1439110235128 0 1
1 1.6049999999999998 1.6399999999999997 34.63968534226085 255.95457824327116 0 1
1 1.6399999999999997 1.6749999999999996 35.163197145106615 259.8228363229507 0 1
1 1.6749999999999996 1.7099999999999995 35.69462081565587 263.749555636939 0 1
1 1.7099999999999995 1.7449999999999994 36.234075926476464 267.73561971364717 0 1
1 1.7449999999999994 1.7799999999999994 36.781683857244154 271.78192543430896 0 1
1 1.7799999999999994 1.8149999999999993 37.33756782205364 275.8893832347824 0 1
1 1.8149999999999993 1.8499999999999992 37.901852897142135 280.0589173104004 0 1
1 1.8499999999999992 1.8849999999999991 38.4746660490321 284.2914658239207 0 1
1 1.8849999999999991 1.919999999999999 39.05613616309934 288.58798111661525 0 1
1 1.919999999999999 1.954999999999999 39.64639407257258 292.94942992255045 0 1
1 1.954999999999999 1.9899999999999989 40.245572587971616 297.3767935861079 0 1
1 1.9899999999999989 2.024999999999999 40.85380652699025 301.87106828278996 0 1
1 2.024999999999999 2.059999999999999 41.471232744830736 306.4332652433641 0 1
1 2.059999999999999 2.0949999999999993 42.097990164996894 311.06441098139265 0 1
1 2.0949999999999993 2.1299999999999994 42.734219810552396 315.7655475242052 0 1
1 2.1299999999999994 2.1649999999999996 43.3800648358516 320.5377326473563 0 1
1 2.1649999999999996 2.1999999999999997 44.035670558749906 325.382040112632 0 1
1 2.1999999999999997 2.235 44.701184493300815 330.2995599096486 0 1
1 2.235 2.27 45.37675638294725 335.2913985011065 0 1
1 2.27 2.305 46.06253823421448 340.3586790717487 0 1
1 2.305 2.3400000000000003 46.75868435091219 345.5025417810807 0 1
1 2.3400000000000003 2.3750000000000004 47.46535136885354 350.7241440199136 0 1
1 2.3750000000000004 2.4100000000000006 48.182698291098816 356.0246606707791 0 1
1 2.4100000000000006 2.4450000000000007 48.91088652373189 361.40528437228625 0 1
1 2.4450000000000007 2.480000000000001 49.650079912177155 366.8672257874668 0 1
1 2.480000000000001 2.515000000000001 50.400444778065506 372.4117138761822 0 1
1 2.515000000000001 2.550000000000001 51.162149956657395 378.0399961716438 0 1
1 2.550000000000001 2.5850000000000013 51.93536683483147 383.7533390611119 0 1
1 2.5850000000000013 2.6200000000000014 52.72026938964735 389.55302807084064 0 1
1 2.6200000000000014 2.6550000000000016 53.51703422749119 395.4403681553241 0 1
1 2.6550000000000016 2.6900000000000017 54.32584062381291 401.4166839909194 0 1
1 2.6900000000000017 2.725000000000002 55.14687056346385 407.4833202739017 0 1
1 2.725000000000002 2.760000000000002 55.980308781644155 413.6416420230288 0 1
1 2.760000000000002 2.795000000000002 56.826342805469075 419.89303488667514 0 1
1 2.795000000000002 2.8300000000000023 57.68516299616311 426.2389054546077 0 1
1 2.8300000000000023 2.8650000000000024 58.556962591892436 432.68068157447675 0 1
1 2.8650000000000024 2.9000000000000026 59.44193775124393 439.219812673085 0 1
1 2.9000000000000026 2.9350000000000027 60.34028759736206 445.85777008251756 0 1
1 2.9350000000000027 2.970000000000003 61.252214262752034 452.59604737119486 0 1
1 2.970000000000003 3.005000000000003 62.17792293476085 459.43616067993463 0 1
1 3.005000000000003 3.040000000000003 63.117621901745125 466.3796490630886 0 1
1 3.040000000000003 3.0750000000000033 64.0715225999367 473.42807483483523 0 1
1 3.0750000000000033 3.1100000000000034 65.03983966101707 480.5830239207098 0 1
1 3.1100000000000034 3.1450000000000036 66.02279096041 487.84610621444097 0 1
1 3.1450000000000036 3.1800000000000037 67.02059766630482 495.218955940187 0 1
1 3.1800000000000037 3.215000000000004 68.03348428941977 502.70323202023974 0 1
1 3.215000000000004 3.250000000000004 69.06167873351825 510.30061844829225 0 1
1 3.250000000000004 3.285000000000004 70.10541234668798 518.012824668343 0 1
1 3.285000000000004 3.3200000000000043 71.16491997339507 525.8415859593266 0 1
1 3.3200000000000043 3.3550000000000044 72.2404400073255 533.7886638255623 0 1
1 3.3550000000000044 3.3900000000000046 73.33221444502416 541.8558463930962 0 1
1 3.3900000000000046 3.4250000000000047 74.44048894034562 550.0449488120404 0 1
1 3.4250000000000047 3.460000000000005 75.56551285972675 558.3578136649865 0 1
1 3.460000000000005 3.495000000000005 76.70753933829572 566.7963113815968 0 1
1 3.495000000000005 3.530000000000005 77.86682533682824 575.3623406594584 0 1
1 3.530000000000005 3.5650000000000053 79.0436316995646 584.0578288912959 0 1
1 3.5650000000000053 3.6000000000000054 80.23822321290126 592.8847325986469 0 1
1 3.6000000000000054 3.6350000000000056 81.4508686649683 601.8450378720834 0 1
1 3.6350000000000056 3.6700000000000057 82.68184090610845 610.9407608180943 0 1
1 3.6700000000000057 3.705000000000006 83.93141691026904 620.1739480127145 0 1
1 3.705000000000006 3.740000000000006 85.19987783732275 629.546676962016 0 1
1 3.740000000000006 3.775000000000006 86.48750909632962 639.0610565695545 0 1
1 3.775000000000006 3.8100000000000063 87.794600409755 648.7192276108796 0 1
1 3.8100000000000063 3.8450000000000064 89.1214458786589 658.5233632152225 0 1
1 3.8450000000000064 3.8800000000000066 90.46834404886935 668.4756693544545 0 1
1 3.8800000000000066 3.9150000000000067 91.83559797815707 678.5783853394447 0 1
1 3.9150000000000067 3.950000000000007 93.22351530442411 688.8337843239099 0 1
1 3.950000000000007 3.985000000000007 94.63240831492432 699.244173815887 0 1
1 3.985000000000007 4.020000000000007 96.06259401652892 709.811896196932 0 1
1 4.020000000000007 4.055000000000007 97.51439420705427 720.539329249162 0 1
1 4.055000000000007 4.090000000000007 98.98813554766814 731.4288866902712 0 1
1 4.090000000000007 4.125000000000007 100.48414963638966 742.4830187166251 0 1
1 4.125000000000007 4.160000000000007 102.00277308269996 753.7042125545632 0 1
1 4.160000000000007 4.195000000000007 103.54434758328138 765.0949930200404 0 1
1 4.195000000000007 4.2300000000000075 105.10921999889995 776.6579230867151 0 1
1 4.2300000000000075 4.265000000000008 106.69774243245121 788.3956044626352 0 1
1 4.265000000000008 4.300000000000008 108.31027230818414 800.3106781756276 0 1
1 4.300000000000008 4.335000000000008 109.94717245212381 812.4058251675455 0 1
1 4.335000000000008 4.370000000000008 111.60881117370842 824.6837668974895 0 1
1 4.370000000000008 4.405000000000008 113.29556234866021 837.1472659541455 0 1
1 4.405000000000008 4.440000000000008 115.00780550310981 849.7991266773835 0 1
1 4.440000000000008 4.4750000000000085 116.74592589899031 862.6421957892401 0 1
1 4.4750000000000085 4.510000000000009 118.51031462072375 875.679363034449 0 1
1 4.510000000000009 4.545000000000009 120.3013686632159 888.91356183064 0 1
1 4.545000000000009 4.580000000000009 122.11949102118247 902.3477699283751 0 1
1 4.580000000000009 4.615000000000009 123.96509077982438 915.9850100811531 0 1
1 4.615000000000009 4.650000000000009 125.8385832068733 929.8283507255393 0 1
1 4.650000000000009 4.685000000000009 127.74038984602937 943.8809066715822 0 1
1 4.685000000000009 4.7200000000000095 129.6709386118095 958.145839803653 0 1
1 4.7200000000000095 4.75500000000001 131.63066388583078 972.6263597918885 0 1
1 4.75500000000001 4.79000000000001 133.6200066145473 987.3257248143746 0 1
1 4.79000000000001 4.82500000000001 135.6394144084657 1002.2472422902555 0 1
1 4.82500000000001 4.86000000000001 137.6893416428592 1017.3942696239149 0 1
1 4.86000000000001 4.89500000000001 139.7702495600035 1032.7702149604029 0 1
1 4.89500000000001 4.93000000000001 141.8826063729591 1048.3785379522901 0 1
1 4.93000000000001 4.9650000000000105 144.02688737092018 1064.2227505380956 0 1
1 4.9650000000000105 5.000000000000011 146.20357502615786 1080.3064177324966 0 1
