nParameters 3
nEntries 100
Parameter_1_SampleLogSpace 1
Density Kernel_0_Parameter Rate_0_Sporulation Kernel_0_WithinCellProportion
1 2.5 2.525 54.598150033144236 221.40641620418717 0 1
1 2.525 2.55 55.1468705634638 224.9774106380354 0 1
1 2.55 2.5749999999999997 55.70110582679559 228.6060005176941 0 1
1 2.5749999999999997 2.5999999999999996 56.26091124712785 232.29311478198952 0 1
1 2.5999999999999996 2.6249999999999996 56.826342805469025 236.0396973523101 0 1
1 2.6249999999999996 2.6499999999999995 57.39745704544619 239.84670737425537 0 1
1 2.6499999999999995 2.6749999999999994 57.97431107895927 243.71511946318242 0 1
1 2.6749999999999994 2.6999999999999993 58.55696259189233 247.64592395371267 0 1
1 2.6999999999999993 2.724999999999999 59.14546984988227 251.6401271532638 0 1
1 2.724999999999999 2.749999999999999 59.739891704145194 255.6987515996685 0 1
1 2.749999999999999 2.774999999999999 60.34028759736195 259.8228363229507 0 1
1 2.774999999999999 2.799999999999999 60.94671756962217 264.0134371113229 0 1
1 2.799999999999999 2.824999999999999 61.55924226442847 268.27162678147323 0 1
1 2.824999999999999 2.8499999999999988 62.177922934760794 272.5984954532129 0 1
1 2.8499999999999988 2.8749999999999987 62.80282144920165 276.99515082855254 0 1
1 2.8749999999999987 2.8999999999999986 63.43400029812329 281.46271847528004 0 1
1 2.8999999999999986 2.9249999999999985 64.07152259993659 286.00234211511207 0 1
1 2.9249999999999985 2.9499999999999984 64.71545210740298 290.61518391649304 0 1
1 2.9499999999999984 2.9749999999999983 65.3658532140099 295.30242479211626 0 1
1 2.9749999999999983 2.9999999999999982 66.02279096040989 300.06526470124527 0 1
1 2.9999999999999982 3.024999999999998 66.6863310409251 304.90492295690825 0 1
1 3.024999999999998 3.049999999999998 67.35653981011652 309.8226385380498 0 1
1 3.049999999999998 3.074999999999998 68.03348428941959 314.8196704067162 0 1
1 3.074999999999998 3.099999999999998 68.71723217384643 319.89729783035665 0 1
1 3.099999999999998 3.124999999999998 69.40785183875514 325.05682070932227 0 1
1 3.124999999999998 3.1499999999999977 70.1054123466878 330.2995599096483 0 1
1 3.1499999999999977 3.1749999999999976 70.80998345427649 335.6268576012026 0 1
1 3.1749999999999976 3.1999999999999975 71.52163561921913 341.0400776012886 0 1
1 3.1999999999999975 3.2249999999999974 72.24044000732532 346.54060572378995 0 1
1 3.2249999999999974 3.2499999999999973 72.96646849963274 352.1298501339465 0 1
1 3.2499999999999973 3.2749999999999972 73.69979369959572 357.80924170885226 0 1
1 3.2749999999999972 3.299999999999997 74.44048894034536 363.58023440376735 0 1
1 3.299999999999997 3.324999999999997 75.18862829202297 369.4443056243399 0 1
1 3.324999999999997 3.349999999999997 75.94428656918727 375.40295660482803 0 1
1 3.349999999999997 3.374999999999997 76.70753933829552 381.4577127924252 0 1
1 3.374999999999997 3.399999999999997 77.47846292526077 387.6101242377827 0 1
1 3.399999999999997 3.4249999999999967 78.25713442308414 393.86176599183125 0 1
1 3.4249999999999967 3.4499999999999966 79.04363169956432 400.2142385090024 0 1
1 3.4499999999999966 3.4749999999999965 79.83803340508443 406.66916805695394 0 1
1 3.4749999999999965 3.4999999999999964 80.64041898047691 413.22820713290287 0 1
1 3.4999999999999964 3.5249999999999964 81.450868664968 419.893034886674 0 1
1 3.5249999999999964 3.5499999999999963 82.26946350420154 426.66535755057157 0 1
1 3.5499999999999963 3.574999999999996 83.09628535834362 433.54690887618335 0 1
1 3.574999999999996 3.599999999999996 83.93141691026874 440.53945057823216 0 1
1 3.599999999999996 3.624999999999996 84.77494167382788 447.64477278558235 0 1
1 3.624999999999996 3.649999999999996 85.62694400220043 454.8646944995238 0 1
1 3.649999999999996 3.674999999999996 86.48750909632923 462.2010640594461 0 1
1 3.674999999999996 3.6999999999999957 87.35672301344083 469.65575961602315 0 1
1 3.6999999999999957 3.7249999999999956 88.23467267565135 477.2306896120305 0 1
1 3.7249999999999956 3.7499999999999956 89.12144587865852 484.9277932709166 0 1
1 3.7499999999999956 3.7749999999999955 90.01713130052165 492.749041093255 0 1
1 3.7749999999999955 3.7999999999999954 90.92181851052938 500.69643536120304 0 1
1 3.7999999999999954 3.8249999999999953 91.83559797815657 508.772010651097 0 1
1 3.8249999999999953 3.849999999999995 92.7585610821116 516.9778343543148 0 1
1 3.849999999999995 3.874999999999995 93.6908001194738 525.3160072065398 0 1
1 3.874999999999995 3.899999999999995 94.6324083149239 533.78866382556 0 1
1 3.899999999999995 3.924999999999995 95.58347983006607 542.3979732577416 0 1
1 3.924999999999995 3.949999999999995 96.54410977284442 551.1461395333192 0 1
1 3.949999999999995 3.9749999999999948 97.51439420705384 560.0354022306358 0 1
1 3.9749999999999948 3.9999999999999947 98.49443016194614 569.0680370494895 0 1
1 3.9999999999999947 4.024999999999995 99.48431564193359 578.2463563937246 0 1
1 4.024999999999995 4.049999999999995 100.48414963638912 587.5727099632195 0 1
1 4.049999999999995 4.074999999999996 101.49403212954545 597.0494853554235 0 1
1 4.074999999999996 4.099999999999996 102.51406411049328 606.6791086765919 0 1
1 4.099999999999996 4.1249999999999964 103.54434758328092 616.4640451628867 0 1
1 4.1249999999999964 4.149999999999997 104.58498557711404 626.4067998114875 0 1
1 4.149999999999997 4.174999999999997 105.63608215665933 636.5099180218856 0 1
1 4.174999999999997 4.1999999999999975 106.69774243245072 646.7759862475204 0 1
1 4.1999999999999975 4.224999999999998 107.77007257140036 657.2076326579233 0 1
1 4.224999999999998 4.249999999999998 108.85317980741593 667.8075278115474 0 1
1 4.249999999999998 4.274999999999999 109.94717245212343 678.5783853394423 0 1
1 4.274999999999999 4.299999999999999 111.05215990569907 689.522962639958 0 1
1 4.299999999999999 4.324999999999999 112.16825266780917 700.6440615846564 0 1
1 4.324999999999999 4.35 113.29556234865981 711.9445292356038 0 1
1 4.35 4.375 114.43420168015871 723.4272585742352 0 1
1 4.375 4.4 115.58428452718766 735.0951892419727 0 1
1 4.4 4.425000000000001 116.7459258989899 746.9513082927908 0 1
1 4.425000000000001 4.450000000000001 117.91924196067072 758.9986509579162 0 1
1 4.450000000000001 4.475000000000001 119.10435004481388 771.2403014228668 0 1
1 4.475000000000001 4.500000000000002 120.30136866321558 783.6793936170187 0 1
1 4.500000000000002 4.525000000000002 121.51041751873497 796.3191120159067 0 1
1 4.525000000000002 4.5500000000000025 122.73161751726525 809.1626924564721 0 1
1 4.5500000000000025 4.575000000000003 123.96509077982405 822.2134229654512 0 1
1 4.575000000000003 4.600000000000003 125.21096065476532 835.4746446011294 0 1
1 4.600000000000003 4.6250000000000036 126.469351730115 848.9497523086707 0 1
1 4.6250000000000036 4.650000000000004 127.74038984602903 862.6421957892393 0 1
1 4.650000000000004 4.675000000000004 129.02420210737836 876.5554803831468 0 1
1 4.675000000000004 4.700000000000005 130.32091689645907 890.6931679672357 0 1
1 4.700000000000005 4.725000000000005 131.63066388583044 905.0588778667372 0 1
1 4.725000000000005 4.750000000000005 132.95357405128308 919.656287781843 0 1
1 4.750000000000005 4.775000000000006 134.28977968493578 934.4891347292134 0 1
1 4.775000000000006 4.800000000000006 135.63941440846546 949.5612159986747 0 1
1 4.800000000000006 4.825000000000006 137.00261318646935 964.876390125347 0 1
1 4.825000000000006 4.850000000000007 138.37951233996097 980.4385778774472 0 1
1 4.850000000000007 4.875000000000007 139.77024956000338 996.2517632600316 0 1
1 4.875000000000007 4.9000000000000075 141.17496392147726 1012.3199945349198 0 1
1 4.9000000000000075 4.925000000000008 142.59379589698946 1028.6473852570741 0 1
1 4.925000000000008 4.950000000000008 144.02688737092006 1045.2381153276874 0 1
1 4.950000000000008 4.9750000000000085 145.47438165361044 1062.0964320642672 0 1
1 4.9750000000000085 5.000000000000009 146.93642349569535 1079.2266512879676 0 1
