nParameters 3
nEntries 100
Parameter_1_SampleLogSpace 1
Density Kernel_0_Parameter Rate_0_Sporulation Kernel_0_WithinCellProportion
1 2.0 2.03 20.085536923187668 148.4131591025766 0 1
1 2.03 2.0599999999999996 20.287399925240926 151.41130379405269 0 1
1 2.0599999999999996 2.0899999999999994 20.49129168419294 154.47001502589086 0 1
1 2.0899999999999994 2.119999999999999 20.6972325893895 157.59051632336687 0 1
1 2.119999999999999 2.149999999999999 20.905243235092748 160.77405592860717 0 1
1 2.149999999999999 2.179999999999999 21.11534442254061 164.0219072999017 0 1
1 2.179999999999999 2.2099999999999986 21.327557162026892 167.33536962110395 0 1
1 2.2099999999999986 2.2399999999999984 21.541902675002405 170.71576832132266 0 1
1 2.2399999999999984 2.2699999999999982 21.75840239619707 174.16445560511065 0 1
1 2.2699999999999982 2.299999999999998 21.977077975763407 177.68281099336423 0 1
1 2.299999999999998 2.329999999999998 22.197951281441615 181.27224187515088 0 1
1 2.329999999999998 2.3599999999999977 22.421044400746332 184.93418407068322 0 1
1 2.3599999999999977 2.3899999999999975 22.64637964317538 188.67010240566566 0 1
1 2.3899999999999975 2.4199999999999973 22.87397954244079 192.48149129724527 0 1
1 2.4199999999999973 2.449999999999997 23.103866858722164 196.36987535179804 0 1
1 2.449999999999997 2.479999999999997 23.33606458094269 200.3368099747913 0 1
1 2.479999999999997 2.5099999999999967 23.570595929068094 204.38388199296753 0 1
1 2.5099999999999967 2.5399999999999965 23.80748435642865 208.5127102890959 0 1
1 2.5399999999999965 2.5699999999999963 24.046753552064466 212.72494644954625 0 1
1 2.5699999999999963 2.599999999999996 24.288427443094523 217.02227542494688 0 1
1 2.599999999999996 2.629999999999996 24.53253019710932 221.40641620418657 0 1
1 2.629999999999996 2.6599999999999957 24.77908622458766 225.87912250203266 0 1
1 2.6599999999999957 2.6899999999999955 25.02812018133777 230.44218346064136 0 1
1 2.6899999999999955 2.7199999999999953 25.279656970962858 235.09742436523794 0 1
1 2.7199999999999953 2.749999999999995 25.533721747351485 239.84670737425452 0 1
1 2.749999999999995 2.779999999999995 25.790339917193016 244.69193226421953 0 1
1 2.779999999999995 2.8099999999999947 26.0495371425183 249.63503718969304 0 1
1 2.8099999999999947 2.8399999999999945 26.311339343265846 254.67799945855376 0 1
1 2.8399999999999945 2.8699999999999943 26.575772699873905 259.8228363229498 0 1
1 2.8699999999999943 2.899999999999994 26.84286365589852 265.071605786226 0 1
1 2.899999999999994 2.929999999999994 27.112638920657833 270.42640742615157 0 1
1 2.929999999999994 2.9599999999999937 27.38512547190316 275.8893832347811 0 1
1 2.9599999999999937 2.9899999999999936 27.660350558516697 281.462718475279 0 1
1 2.9899999999999936 3.0199999999999934 27.938341703236446 287.14864255605306 0 1
1 3.0199999999999934 3.049999999999993 28.219126705408545 292.94942992254914 0 1
1 3.049999999999993 3.079999999999993 28.50273364376722 298.867400967059 0 1
1 3.079999999999993 3.1099999999999928 28.78919087924261 304.90492295690717 0 1
1 3.1099999999999928 3.1399999999999926 29.078527057797 311.0644109813913 0 1
1 3.1399999999999926 3.1699999999999924 29.37077111328937 317.348328917849 0 1
1 3.1699999999999924 3.199999999999992 29.665952270368777 323.7591904172411 0 1
1 3.199999999999992 3.229999999999992 29.96410004739693 330.29955990964686 0 1
1 3.229999999999992 3.259999999999992 30.265244259400006 336.9720536300696 0 1
1 3.259999999999992 3.2899999999999916 30.569415021050126 343.77934066496465 0 1
1 3.2899999999999916 3.3199999999999914 30.87664274967695 350.72414401991136 0 1
1 3.3199999999999914 3.349999999999991 31.186958168309378 357.80924170885066 0 1
1 3.349999999999991 3.379999999999991 31.50039230874784 365.0374678653266 0 1
1 3.379999999999991 3.409999999999991 31.81697651466759 372.4117138761799 0 1
1 3.409999999999991 3.4399999999999906 32.13674244475306 379.93492953813967 0 1
1 3.4399999999999906 3.4699999999999904 32.459722075863695 387.61012423778095 0 1
1 3.4699999999999904 3.4999999999999902 32.78594770623178 395.44036815532127 0 1
1 3.4999999999999902 3.52999999999999 33.11545195869221 403.4287934927326 0 1
1 3.52999999999999 3.55999999999999 33.4482677839448 411.57859572666297 0 1
1 3.55999999999999 3.5899999999999896 33.78442846384944 419.8930348866718 0 1
1 3.5899999999999896 3.6199999999999894 34.12396761475425 428.3754368592841 0 1
1 3.6199999999999894 3.6499999999999893 34.46691919085726 437.02919471838834 0 1
1 3.6499999999999893 3.679999999999989 34.81331748760189 445.8577700825136 0 1
1 3.679999999999989 3.709999999999989 35.16319714510647 454.86469449952136 0 1
1 3.709999999999989 3.7399999999999887 35.51659315162834 464.05357085927284 0 1
1 3.7399999999999887 3.7699999999999885 35.87354084706262 473.428074834831 0 1
1 3.7699999999999885 3.7999999999999883 36.234075926476336 482.99195635278204 0 1
1 3.7999999999999883 3.829999999999988 36.598234443677846 492.7490410932524 0 1
1 3.829999999999988 3.859999999999988 36.966052814822355 502.70323202023485 0 1
1 3.859999999999988 3.8899999999999877 37.337567822053494 512.8585109428245 0 1
1 3.8899999999999877 3.9199999999999875 37.712816617181595 523.2189401079964 0 1
1 3.9199999999999875 3.9499999999999873 38.09183672539885 533.7886638255566 0 1
1 3.9499999999999873 3.979999999999987 38.47466604903197 544.5719101259245 0 1
1 3.979999999999987 4.009999999999987 38.8613428713323 555.572992451398 0 1
1 4.009999999999987 4.039999999999988 39.251905860304326 566.7963113815907 0 1
1 4.039999999999988 4.069999999999988 39.64639407257243 578.2463563937215 0 1
1 4.069999999999988 4.099999999999988 40.04484695728656 589.927707658464 0 1
1 4.099999999999988 4.129999999999988 40.44730436006722 601.8450378720769 0 1
1 4.129999999999988 4.159999999999989 40.853806526990105 614.0031141255467 0 1
1 4.159999999999989 4.189999999999989 41.26439410861064 626.4067998114841 0 1
1 4.189999999999989 4.219999999999989 41.679108164029124 639.0610565695476 0 1
1 4.219999999999989 4.249999999999989 42.097990164996745 651.9709462711672 0 1
1 4.249999999999989 4.27999999999999 42.521082000062634 665.1416330443571 0 1
1 4.27999999999999 4.30999999999999 42.94842597876286 678.5783853394375 0 1
1 4.30999999999999 4.33999999999999 43.380064835851464 692.2865780364867 0 1
1 4.33999999999999 4.36999999999999 43.816041735573826 706.2716945953614 0 1
1 4.36999999999999 4.399999999999991 44.25640027598321 720.539329249155 0 1
1 4.399999999999991 4.429999999999991 44.70118449330067 735.0951892419681 0 1
1 4.429999999999991 4.459999999999991 45.15043886631858 749.9450971118778 0 1
1 4.459999999999991 4.489999999999991 45.604208320848585 765.0949930200329 0 1
1 4.489999999999991 4.519999999999992 46.06253823421434 780.5509371267993 0 1
1 4.519999999999992 4.549999999999992 46.52547443978908 796.319112015901 0 1
1 4.549999999999992 4.579999999999992 46.993063231579136 812.4058251675382 0 1
1 4.579999999999992 4.609999999999992 47.4653513688534 828.8175114814652 0 1
1 4.609999999999992 4.639999999999993 47.94238608081913 845.5607358510322 0 1
1 4.639999999999993 4.669999999999993 48.424215071345046 862.6421957892325 0 1
1 4.669999999999993 4.699999999999993 48.91088652373176 880.0687241077984 0 1
1 4.699999999999993 4.729999999999993 49.40244910553006 897.8472916504136 0 1
1 4.729999999999993 4.759999999999994 49.89895197340773 915.985010081145 0 1
1 4.759999999999994 4.789999999999994 50.40044477806537 934.489134729206 0 1
1 4.789999999999994 4.819999999999994 50.906977669201325 953.3670674911799 0 1
1 4.819999999999994 4.849999999999994 51.4186013005268 972.6263597918798 0 1
1 4.849999999999994 4.879999999999995 51.93536683483133 992.2747156050218 0 1
1 4.879999999999995 4.909999999999995 52.45732594909896 1012.3199945349118 0 1
1 4.909999999999995 4.939999999999995 52.984530839676054 1032.7702149603947 0 1
1 4.939999999999995 4.969999999999995 53.51703422749107 1053.6335572423159 0 1
1 4.969999999999995 4.999999999999996 54.0548893633265 1074.9183669957686 0 1
