nParameters 3
nEntries 100
Parameter_1_SampleLogSpace 1
Density Kernel_0_Parameter Rate_0_Sporulation Kernel_0_WithinCellProportion
1 2.0 2.03 54.598150033144236 665.1416330443618 0 1
1 2.03 2.0599999999999996 55.42329540249385 680.2769536284816 0 1
1 2.0599999999999996 2.0899999999999994 56.2609112471278 695.7566789495829 0 1
1 2.0899999999999994 2.119999999999999 57.11118603414491 711.588645949222 0 1
1 2.119999999999999 2.149999999999999 57.97431107895927 727.7808698988284 0 1
1 2.149999999999999 2.179999999999999 58.85048058834735 744.3415484576058 0 1
1 2.179999999999999 2.2099999999999986 59.739891704145194 761.2790658227751 0 1
1 2.2099999999999986 2.2399999999999984 60.64274454760598 778.6019969742498 0 1
1 2.2399999999999984 2.2699999999999982 61.55924226442847 796.3191120159046 0 1
1 2.2699999999999982 2.299999999999998 62.48959107046545 814.4393806156278 0 1
1 2.299999999999998 2.329999999999998 63.43400029812323 832.9719765464065 0 1
1 2.329999999999998 2.3599999999999977 64.39268244346235 851.926282330746 0 1
1 2.3599999999999977 2.3899999999999975 65.36585321400985 871.3118939907707 0 1
1 2.3899999999999975 2.4199999999999973 66.35373157729475 891.1386259064187 0 1
1 2.4199999999999973 2.449999999999997 67.35653981011652 911.4165157841767 0 1
1 2.449999999999997 2.479999999999997 68.37450354855804 932.1558297388858 0 1
1 2.479999999999997 2.5099999999999967 69.40785183875508 953.3670674911816 0 1
1 2.5099999999999967 2.5399999999999965 70.45681718843241 975.060967683201 0 1
1 2.5399999999999965 2.5699999999999963 71.52163561921907 997.24851331525 0 1
1 2.5699999999999963 2.599999999999996 72.60254671975427 1019.9409373061812 0 1
1 2.599999999999996 2.629999999999996 73.69979369959566 1043.1497281803004 0 1
1 2.629999999999996 2.6599999999999957 74.81362344394277 1066.8866358836747 0 1
1 2.6599999999999957 2.6899999999999955 75.9442865691872 1091.1636777327983 0 1
1 2.6899999999999955 2.7199999999999953 77.09203747930198 1115.9931444986107 0 1
1 2.7199999999999953 2.749999999999995 78.25713442308407 1141.387606628964 0 1
1 2.749999999999995 2.779999999999995 79.43983955226112 1167.3599206126812 0 1
1 2.779999999999995 2.8099999999999947 80.64041898047677 1193.9232354884275 0 1
1 2.8099999999999947 2.8399999999999945 81.8591428431674 1221.0909995016925 0 1
1 2.8399999999999945 2.8699999999999943 83.09628535834354 1248.8769669132498 0 1
1 2.8699999999999943 2.899999999999994 84.35212488829038 1277.2952049625503 0 1
1 2.899999999999994 2.929999999999994 85.62694400220036 1306.360100989556 0 1
1 2.929999999999994 2.9599999999999937 86.92102953975214 1336.0863697186423 0 1
1 2.9599999999999937 2.9899999999999936 88.2346726756512 1366.4890607082405 0 1
1 2.9899999999999936 3.0199999999999934 89.5681689851451 1397.583565969998 0 1
1 3.0199999999999934 3.049999999999993 90.9218185105292 1429.3856277613136 0 1
1 3.049999999999993 3.079999999999993 92.29592582865756 1461.9113465551902 0 1
1 3.079999999999993 3.1099999999999928 93.69080011947364 1495.1771891914445 0 1
1 3.1099999999999928 3.1399999999999926 95.10675523557762 1529.1999972133947 0 1
1 3.1399999999999926 3.1699999999999924 96.54410977284434 1563.996995394256 0 1
1 3.1699999999999924 3.199999999999992 98.00318714210837 1599.585800457543 0 1
1 3.199999999999992 3.229999999999992 99.48431564193342 1635.984429995917 0 1
1 3.229999999999992 3.259999999999992 100.9878285324805 1673.2113115929756 0 1
1 3.259999999999992 3.2899999999999916 102.51406411049301 1711.285292152611 0 1
1 3.2899999999999916 3.3199999999999914 104.0633657854149 1750.2256474406574 0 1
1 3.3199999999999914 3.349999999999991 105.63608215665904 1790.0520918436575 0 1
1 3.349999999999991 3.379999999999991 107.232567092044 1830.7847883496993 0 1
1 3.379999999999991 3.409999999999991 108.85317980741554 1872.4443587563428 0 1
1 3.409999999999991 3.4399999999999906 110.49828494747145 1915.0518941108674 0 1
1 3.4399999999999906 3.4699999999999904 112.16825266780867 1958.628965388047 0 1
1 3.4699999999999904 3.4999999999999902 113.86345871820953 2003.1976344109253 0 1
1 3.4999999999999902 3.52999999999999 115.58428452718704 2048.7804650200833 0 1
1 3.52999999999999 3.55999999999999 117.33111728780814 2095.4005344970624 0 1
1 3.55999999999999 3.5899999999999896 119.10435004481324 2143.0814452477434 0 1
1 3.5899999999999896 3.6199999999999894 120.90438178305368 2191.847336751544 0 1
1 3.6199999999999894 3.6499999999999893 122.7316175172646 2241.722897782575 0 1
1 3.6499999999999893 3.679999999999989 124.58646838319468 2292.733378908838 0 1
1 3.679999999999989 3.709999999999989 126.4693517301141 2344.904605275874 0 1
1 3.709999999999989 3.7399999999999887 128.38069121471935 2398.262989681293 0 1
1 3.7399999999999887 3.7699999999999885 130.32091689645804 2452.835545946817 0 1
1 3.7699999999999885 3.7999999999999883 132.29046533429403 2508.649902594604 0 1
1 3.7999999999999883 3.829999999999988 134.2897796849347 2565.734316834776 0 1
1 3.829999999999988 3.859999999999988 136.31930980254373 2624.117688871245 0 1
1 3.859999999999988 3.8899999999999877 138.3795123399599 2683.8295765330345 0 1
1 3.8899999999999877 3.9199999999999875 140.47085085144533 2744.900210238594 0 1
1 3.9199999999999875 3.9499999999999873 142.59379589698818 2807.3605083005677 0 1
1 3.9499999999999873 3.979999999999987 144.74882514817998 2871.2420925788633 0 1
1 3.979999999999987 4.009999999999987 146.9364234956938 2936.5773044898906 0 1
1 4.009999999999987 4.039999999999988 150.65613676591397 2980.9579870417283 0 1
1 4.039999999999988 4.069999999999988 157.59051632336394 2980.9579870417283 0 1
1 4.069999999999988 4.099999999999988 164.84407053163824 2980.9579870417283 0 1
1 4.099999999999988 4.129999999999988 172.4314903168513 2980.9579870417283 0 1
1 4.129999999999988 4.159999999999989 180.36814279700658 2980.9579870417283 0 1
1 4.159999999999989 4.189999999999989 188.67010240566265 2980.9579870417283 0 1
1 4.189999999999989 4.219999999999989 197.35418344815392 2980.9579870417283 0 1
1 4.219999999999989 4.249999999999989 206.43797415630496 2980.9579870417283 0 1
1 4.249999999999989 4.27999999999999 215.93987231061067 2980.9579870417283 0 1
1 4.27999999999999 4.30999999999999 225.87912250202967 2980.9579870417283 0 1
1 4.30999999999999 4.33999999999999 236.2758551088572 2980.9579870417283 0 1
1 4.33999999999999 4.36999999999999 247.15112706762017 2980.9579870417283 0 1
1 4.36999999999999 4.399999999999991 258.52696452057006 2980.9579870417283 0 1
1 4.399999999999991 4.429999999999991 270.42640742614867 2980.9579870417283 0 1
1 4.429999999999991 4.459999999999991 282.8735562227773 2980.9579870417283 0 1
1 4.459999999999991 4.489999999999991 295.8936206404801 2980.9579870417283 0 1
1 4.489999999999991 4.519999999999992 309.51297075920314 2980.9579870417283 0 1
1 4.519999999999992 4.549999999999992 323.75919041723853 2980.9579870417283 0 1
1 4.549999999999992 4.579999999999992 338.66113307792307 2980.9579870417283 0 1
1 4.579999999999992 4.609999999999992 354.24898026776134 2980.9579870417283 0 1
1 4.609999999999992 4.639999999999993 370.5543027043317 2980.9579870417283 0 1
1 4.639999999999993 4.669999999999993 387.6101242377789 2980.9579870417283 0 1
1 4.669999999999993 4.699999999999993 405.4509887353961 2980.9579870417283 0 1
1 4.699999999999993 4.729999999999993 424.11303004476 2980.9579870417283 0 1
1 4.729999999999993 4.759999999999994 443.63404517712166 2980.9579870417283 0 1
1 4.759999999999994 4.789999999999994 464.0535708592716 2980.9579870417283 0 1
1 4.789999999999994 4.819999999999994 485.4129636089224 2980.9579870417283 0 1
1 4.819999999999994 4.849999999999994 507.7554834957894 2980.9579870417283 0 1
1 4.849999999999994 4.879999999999995 531.1263817580164 2980.9579870417283 0 1
1 4.879999999999995 4.909999999999995 555.572992451398 2980.9579870417283 0 1
1 4.909999999999995 4.939999999999995 581.1448283170181 2980.9579870417283 0 1
1 4.939999999999995 4.969999999999995 607.8936810614697 2980.9579870417283 0 1
1 4.969999999999995 4.999999999999996 635.8737262527612 2980.9579870417283 0 1
