nParameters 3
nEntries 100
Parameter_1_SampleLogSpace 1
Density Kernel_0_Parameter Rate_0_Sporulation Kernel_0_WithinCellProportion
1 3.5 3.505 181.27224187515122 492.7490410932563 0 1
1 3.505 3.51 181.63514914520243 493.7355253308523 0 1
1 3.51 3.5149999999999997 181.99878295609244 494.72398451120785 0 1
1 3.5149999999999997 3.5199999999999996 182.36314476235708 495.71442258816154 0 1
1 3.5199999999999996 3.5249999999999995 182.72823602144376 496.70684352346615 0 1
1 3.5249999999999995 3.5299999999999994 183.09405819371815 497.70125128680706 0 1
1 3.5299999999999994 3.5349999999999993 183.46061274246946 498.69764985581673 0 1
1 3.5349999999999993 3.539999999999999 183.82790113391636 499.69604321609074 0 1
1 3.539999999999999 3.544999999999999 184.19592483721306 500.69643536120435 0 1
1 3.544999999999999 3.549999999999999 184.56468532445453 501.69883029272654 0 1
1 3.549999999999999 3.554999999999999 184.9341840706834 502.7032320202389 0 1
1 3.554999999999999 3.5599999999999987 185.3044225538951 503.70964456134953 0 1
1 3.5599999999999987 3.5649999999999986 185.6754022550441 504.71807194171004 0 1
1 3.5649999999999986 3.5699999999999985 186.04712465804988 505.7285181950317 0 1
1 3.5699999999999985 3.5749999999999984 186.41959124980215 506.74098736310003 0 1
1 3.5749999999999984 3.5799999999999983 186.792803520168 507.75548349579344 0 1
1 3.5799999999999983 3.584999999999998 187.166762961997 508.7720106510979 0 1
1 3.584999999999998 3.589999999999998 187.54147107112738 509.79057289512326 0 1
1 3.589999999999998 3.594999999999998 187.91692934639227 510.8111743021204 0 1
1 3.594999999999998 3.599999999999998 188.29313928962495 511.83381895449537 0 1
1 3.599999999999998 3.6049999999999978 188.67010240566583 512.8585109428286 0 1
1 3.6049999999999978 3.6099999999999977 189.0478202023679 513.8852543658894 0 1
1 3.6099999999999977 3.6149999999999975 189.42629419060285 514.9140533306529 0 1
1 3.6149999999999975 3.6199999999999974 189.80552588426727 515.9449119523167 0 1
1 3.6199999999999974 3.6249999999999973 190.18551680028816 516.9778343543157 0 1
1 3.6249999999999973 3.6299999999999972 190.56626845862982 518.0128246683415 0 1
1 3.6299999999999972 3.634999999999997 190.9477823822994 519.0498870343567 0 1
1 3.634999999999997 3.639999999999997 191.33006009735314 520.0890256006121 0 1
1 3.639999999999997 3.644999999999997 191.71310313290252 521.1302445236637 0 1
1 3.644999999999997 3.649999999999997 192.09691302111986 522.1735479683879 0 1
1 3.649999999999997 3.6549999999999967 192.48149129724544 523.2189401080001 0 1
1 3.6549999999999967 3.6599999999999966 192.86683949959286 524.2664251240705 0 1
1 3.6599999999999966 3.6649999999999965 193.2529591695554 525.3160072065402 0 1
1 3.6649999999999965 3.6699999999999964 193.6398518516125 526.3676905537399 0 1
1 3.6699999999999964 3.6749999999999963 194.02751909333497 527.4214793724029 0 1
1 3.6749999999999963 3.679999999999996 194.41596244539255 528.4773778776868 0 1
1 3.679999999999996 3.684999999999996 194.80518346155912 529.5353902931868 0 1
1 3.684999999999996 3.689999999999996 195.1951836987193 530.5955208509539 0 1
1 3.689999999999996 3.694999999999996 195.58596471687468 531.6577737915125 0 1
1 3.694999999999996 3.6999999999999957 195.97752807914955 532.7221533638746 0 1
1 3.6999999999999957 3.7049999999999956 196.36987535179804 533.7886638255604 0 1
1 3.7049999999999956 3.7099999999999955 196.76300810420977 534.8573094426133 0 1
1 3.7099999999999955 3.7149999999999954 197.15692790891626 535.928094489617 0 1
1 3.7149999999999954 3.7199999999999953 197.55163634159743 537.0010232497139 0 1
1 3.7199999999999953 3.724999999999995 197.9471349810872 538.0761000146192 0 1
1 3.724999999999995 3.729999999999995 198.34342540938084 539.153329084642 0 1
1 3.729999999999995 3.734999999999995 198.74050921164056 540.2327147687 0 1
1 3.734999999999995 3.739999999999995 199.1383879762023 541.3142613843379 0 1
1 3.739999999999995 3.7449999999999948 199.53706329458126 542.3979732577426 0 1
1 3.7449999999999948 3.7499999999999947 199.93653676147946 543.4838547237636 0 1
1 3.7499999999999947 3.7549999999999946 200.3368099747913 544.571910125928 0 1
1 3.7549999999999946 3.7599999999999945 200.73788453561014 545.662143816459 0 1
1 3.7599999999999945 3.7649999999999944 201.13976204823496 546.7545601562933 0 1
1 3.7649999999999944 3.7699999999999942 201.542444120176 547.8491635150968 0 1
1 3.7699999999999942 3.774999999999994 201.9459323621622 548.9459582712849 0 1
1 3.774999999999994 3.779999999999994 202.35022838814712 550.044948812038 0 1
1 3.779999999999994 3.784999999999994 202.75533381531542 551.1461395333197 0 1
1 3.784999999999994 3.789999999999994 203.1612502640895 552.2495348398949 0 1
1 3.789999999999994 3.7949999999999937 203.56797935813532 553.3551391453452 0 1
1 3.7949999999999937 3.7999999999999936 203.97552272437 554.46295687209 0 1
1 3.7999999999999936 3.8049999999999935 204.38388199296753 555.5729924514015 0 1
1 3.8049999999999935 3.8099999999999934 204.79305879736555 556.6852503234236 0 1
1 3.8099999999999934 3.8149999999999933 205.203054774272 557.7997349371898 0 1
1 3.8149999999999933 3.819999999999993 205.61387156367098 558.9164507506389 0 1
1 3.819999999999993 3.824999999999993 206.02551080883038 560.0354022306362 0 1
1 3.824999999999993 3.829999999999993 206.4379741563077 561.1565938529892 0 1
1 3.829999999999993 3.834999999999993 206.8512632559569 562.2800301024658 0 1
1 3.834999999999993 3.8399999999999928 207.2653797609351 563.4057154728131 0 1
1 3.8399999999999928 3.8449999999999926 207.68032532770852 564.5336544667729 0 1
1 3.8449999999999926 3.8499999999999925 208.09610161606014 565.6638515961033 0 1
1 3.8499999999999925 3.8549999999999924 208.5127102890957 566.7963113815943 0 1
1 3.8549999999999924 3.8599999999999923 208.93015301325045 567.9310383530865 0 1
1 3.8599999999999923 3.864999999999992 209.348431458296 569.0680370494899 0 1
1 3.864999999999992 3.869999999999992 209.7675472973463 570.2073120187998 0 1
1 3.869999999999992 3.874999999999992 210.18750220686553 571.348867818118 0 1
1 3.874999999999992 3.879999999999992 210.6082978666738 572.4927090136694 0 1
1 3.879999999999992 3.884999999999992 211.02993595995437 573.63884018082 0 1
1 3.884999999999992 3.8899999999999917 211.45241817326033 574.7872659040968 0 1
1 3.8899999999999917 3.8949999999999916 211.87574619652074 575.937990777203 0 1
1 3.8949999999999916 3.8999999999999915 212.2999217230484 577.0910194030403 0 1
1 3.8999999999999915 3.9049999999999914 212.72494644954608 578.2463563937246 0 1
1 3.9049999999999914 3.9099999999999913 213.15082207611314 579.4040063706054 0 1
1 3.9099999999999913 3.914999999999991 213.57755030625293 580.563973964285 0 1
1 3.914999999999991 3.919999999999991 214.0051328468785 581.7262638146337 0 1
1 3.919999999999991 3.924999999999991 214.4335714083208 582.8908805708136 0 1
1 3.924999999999991 3.929999999999991 214.86286770433466 584.0578288912927 0 1
1 3.929999999999991 3.9349999999999907 215.2930234521058 585.2271134438663 0 1
1 3.9349999999999907 3.9399999999999906 215.72404037225803 586.3987389056745 0 1
1 3.9399999999999906 3.9449999999999905 216.15592018885917 587.5727099632195 0 1
1 3.9449999999999905 3.9499999999999904 216.58866462942927 588.749031312388 0 1
1 3.9499999999999904 3.9549999999999903 217.02227542494668 589.9277076584666 0 1
1 3.9549999999999903 3.95999999999999 217.45675430985514 591.1087437161624 0 1
1 3.95999999999999 3.96499999999999 217.89210302207098 592.2921442096218 0 1
1 3.96499999999999 3.96999999999999 218.32832330298925 593.4779138724472 0 1
1 3.96999999999999 3.97499999999999 218.76541689749183 594.6660574477194 0 1
1 3.97499999999999 3.9799999999999898 219.2033855539537 595.8565796880143 0 1
1 3.9799999999999898 3.9849999999999897 219.64223102425004 597.0494853554223 0 1
1 3.9849999999999897 3.9899999999999896 220.08195506376353 598.2447792215685 0 1
1 3.9899999999999896 3.9949999999999894 220.5225594313905 599.4424660676286 0 1
1 3.9949999999999894 3.9999999999999893 220.96404588954925 600.6425506843524 0 1
