nParameters 3
nEntries 100
Parameter_1_SampleLogSpace 1
Density Kernel_0_Parameter Rate_0_Sporulation Kernel_0_WithinCellProportion
1 2.0 2.03 54.598150033144236 403.4287934927351 0 1
1 2.03 2.0599999999999996 55.42329540249385 403.4287934927351 0 1
1 2.0599999999999996 2.0899999999999994 56.2609112471278 403.4287934927351 0 1
1 2.0899999999999994 2.119999999999999 57.11118603414491 403.4287934927351 0 1
1 2.119999999999999 2.149999999999999 57.97431107895927 403.4287934927351 0 1
1 2.149999999999999 2.179999999999999 58.85048058834735 403.4287934927351 0 1
1 2.179999999999999 2.2099999999999986 59.739891704145194 403.4287934927351 0 1
1 2.2099999999999986 2.2399999999999984 60.64274454760598 403.4287934927351 0 1
1 2.2399999999999984 2.2699999999999982 61.55924226442847 403.4287934927351 0 1
1 2.2699999999999982 2.299999999999998 62.48959107046545 403.4287934927351 0 1
1 2.299999999999998 2.329999999999998 63.43400029812323 403.4287934927351 0 1
1 2.329999999999998 2.3599999999999977 64.39268244346235 403.4287934927351 0 1
1 2.3599999999999977 2.3899999999999975 65.36585321400985 403.4287934927351 0 1
1 2.3899999999999975 2.4199999999999973 66.35373157729475 403.4287934927351 0 1
1 2.4199999999999973 2.449999999999997 67.35653981011652 403.4287934927351 0 1
1 2.449999999999997 2.479999999999997 68.37450354855804 403.4287934927351 0 1
1 2.479999999999997 2.5099999999999967 69.40785183875508 403.4287934927351 0 1
1 2.5099999999999967 2.5399999999999965 70.45681718843241 403.4287934927351 0 1
1 2.5399999999999965 2.5699999999999963 71.52163561921907 403.4287934927351 0 1
1 2.5699999999999963 2.599999999999996 72.60254671975427 403.4287934927351 0 1
1 2.599999999999996 2.629999999999996 73.69979369959566 403.4287934927351 0 1
1 2.629999999999996 2.6599999999999957 74.81362344394277 403.4287934927351 0 1
1 2.6599999999999957 2.6899999999999955 75.9442865691872 403.4287934927351 0 1
1 2.6899999999999955 2.7199999999999953 77.09203747930198 403.4287934927351 0 1
1 2.7199999999999953 2.749999999999995 78.25713442308407 403.4287934927351 0 1
1 2.749999999999995 2.779999999999995 79.43983955226112 403.4287934927351 0 1
1 2.779999999999995 2.8099999999999947 80.64041898047677 403.4287934927351 0 1
1 2.8099999999999947 2.8399999999999945 81.8591428431674 403.4287934927351 0 1
1 2.8399999999999945 2.8699999999999943 83.09628535834354 403.4287934927351 0 1
1 2.8699999999999943 2.899999999999994 84.35212488829038 403.4287934927351 0 1
1 2.899999999999994 2.929999999999994 85.62694400220036 403.4287934927351 0 1
1 2.929999999999994 2.9599999999999937 86.92102953975214 403.4287934927351 0 1
1 2.9599999999999937 2.9899999999999936 88.2346726756512 403.4287934927351 0 1
1 2.9899999999999936 3.0199999999999934 89.5681689851451 403.4287934927351 0 1
1 3.0199999999999934 3.049999999999993 90.9218185105292 403.4287934927351 0 1
1 3.049999999999993 3.079999999999993 92.29592582865756 403.4287934927351 0 1
1 3.079999999999993 3.1099999999999928 93.69080011947364 403.4287934927351 0 1
1 3.1099999999999928 3.1399999999999926 95.10675523557762 403.4287934927351 0 1
1 3.1399999999999926 3.1699999999999924 96.54410977284434 403.4287934927351 0 1
1 3.1699999999999924 3.199999999999992 98.00318714210837 403.4287934927351 0 1
1 3.199999999999992 3.229999999999992 99.48431564193342 403.4287934927351 0 1
1 3.229999999999992 3.259999999999992 100.9878285324805 403.4287934927351 0 1
1 3.259999999999992 3.2899999999999916 102.51406411049301 403.4287934927351 0 1
1 3.2899999999999916 3.3199999999999914 104.0633657854149 403.4287934927351 0 1
1 3.3199999999999914 3.349999999999991 105.63608215665904 403.4287934927351 0 1
1 3.349999999999991 3.379999999999991 107.232567092044 403.4287934927351 0 1
1 3.379999999999991 3.409999999999991 108.85317980741554 403.4287934927351 0 1
1 3.409999999999991 3.4399999999999906 110.49828494747145 403.4287934927351 0 1
1 3.4399999999999906 3.4699999999999904 112.16825266780867 403.4287934927351 0 1
1 3.4699999999999904 3.4999999999999902 113.86345871820953 403.4287934927351 0 1
1 3.4999999999999902 3.52999999999999 115.58428452718704 403.4287934927351 0 1
1 3.52999999999999 3.55999999999999 117.33111728780814 403.4287934927351 0 1
1 3.55999999999999 3.5899999999999896 119.10435004481324 403.4287934927351 0 1
1 3.5899999999999896 3.6199999999999894 120.90438178305368 403.4287934927351 0 1
1 3.6199999999999894 3.6499999999999893 122.7316175172646 403.4287934927351 0 1
1 3.6499999999999893 3.679999999999989 124.58646838319468 403.4287934927351 0 1
1 3.679999999999989 3.709999999999989 126.4693517301141 403.4287934927351 0 1
1 3.709999999999989 3.7399999999999887 128.38069121471935 403.4287934927351 0 1
1 3.7399999999999887 3.7699999999999885 130.32091689645804 403.4287934927351 0 1
1 3.7699999999999885 3.7999999999999883 132.29046533429403 403.4287934927351 0 1
1 3.7999999999999883 3.829999999999988 134.2897796849347 403.4287934927351 0 1
1 3.829999999999988 3.859999999999988 136.31930980254373 403.4287934927351 0 1
1 3.859999999999988 3.8899999999999877 138.3795123399599 403.4287934927351 0 1
1 3.8899999999999877 3.9199999999999875 140.47085085144533 403.4287934927351 0 1
1 3.9199999999999875 3.9499999999999873 142.59379589698818 403.4287934927351 0 1
1 3.9499999999999873 3.979999999999987 144.74882514817998 403.4287934927351 0 1
1 3.979999999999987 4.009999999999987 146.9364234956938 403.4287934927351 0 1
1 4.009999999999987 4.039999999999988 149.90473614904482 403.4287934927351 0 1
1 4.039999999999988 4.069999999999988 154.47001502588893 403.4287934927351 0 1
1 4.069999999999988 4.099999999999988 159.17432734329518 403.4287934927351 0 1
1 4.099999999999988 4.129999999999988 164.0219072998998 403.4287934927351 0 1
1 4.129999999999988 4.159999999999989 169.01711804488522 403.4287934927351 0 1
1 4.159999999999989 4.189999999999989 174.1644556051088 403.4287934927351 0 1
1 4.189999999999989 4.219999999999989 179.4685529318304 403.4287934927351 0 1
1 4.219999999999989 4.249999999999989 184.93418407068143 403.4287934927351 0 1
1 4.249999999999989 4.27999999999999 190.56626845862797 403.4287934927351 0 1
1 4.27999999999999 4.30999999999999 196.3698753517963 403.4287934927351 0 1
1 4.30999999999999 4.33999999999999 202.35022838814552 403.4287934927351 0 1
1 4.33999999999999 4.36999999999999 208.51271028909423 403.4287934927351 0 1
1 4.36999999999999 4.399999999999991 214.86286770433333 403.4287934927351 0 1
1 4.399999999999991 4.429999999999991 221.406416204185 403.4287934927351 0 1
1 4.429999999999991 4.459999999999991 228.1492454240019 403.4287934927351 0 1
1 4.459999999999991 4.489999999999991 235.09742436523646 403.4287934927351 0 1
1 4.489999999999991 4.519999999999992 242.25720685795199 403.4287934927351 0 1
1 4.519999999999992 4.549999999999992 249.6350371896917 403.4287934927351 0 1
1 4.549999999999992 4.579999999999992 257.2375559057727 403.4287934927351 0 1
1 4.579999999999992 4.609999999999992 265.0716057862248 403.4287934927351 0 1
1 4.609999999999992 4.639999999999993 273.1442380047547 403.4287934927351 0 1
1 4.639999999999993 4.669999999999993 281.46271847527805 403.4287934927351 0 1
1 4.669999999999993 4.699999999999993 290.0345343917326 403.4287934927351 0 1
1 4.699999999999993 4.729999999999993 298.8674009670582 403.4287934927351 0 1
1 4.729999999999993 4.759999999999994 307.96926837740887 403.4287934927351 0 1
1 4.759999999999994 4.789999999999994 317.34832891784845 403.4287934927351 0 1
1 4.789999999999994 4.819999999999994 327.013024375969 403.4287934927351 0 1
1 4.819999999999994 4.849999999999994 336.9720536300693 403.4287934927351 0 1
1 4.849999999999994 4.879999999999995 347.2343804787326 403.4287934927351 0 1
1 4.879999999999995 4.909999999999995 357.80924170885066 403.4287934927351 0 1
1 4.909999999999995 4.939999999999995 368.70615540935506 403.4287934927351 0 1
1 4.939999999999995 4.969999999999995 379.93492953814 403.4287934927351 0 1
1 4.969999999999995 4.999999999999996 391.5056707498864 403.4287934927351 0 1
