nParameters 3
nEntries 100
Parameter_1_SampleLogSpace 1
Density Kernel_0_Parameter Rate_0_Sporulation Kernel_0_WithinCellProportion
1 3.0 3.015 148.4131591025766 403.4287934927351 0 1
1 3.015 3.0300000000000002 149.45569583784652 405.8566425172224 0 1
1 3.0300000000000002 3.0450000000000004 150.50555593211624 408.2991024246728 0 1
1 3.0450000000000004 3.0600000000000005 151.56279082874022 410.75626114390656 0 1
1 3.0600000000000005 3.0750000000000006 152.62745233244019 413.22820713290355 0 1
1 3.0750000000000006 3.0900000000000007 153.69959261184255 415.7150293819861 0 1
1 3.0900000000000007 3.105000000000001 154.77926420203582 418.2168174170236 0 1
1 3.105000000000001 3.120000000000001 155.86652000714366 420.7336613026556 0 1
1 3.120000000000001 3.135000000000001 156.96141330291817 423.2656516455334 0 1
1 3.135000000000001 3.1500000000000012 158.0639977393501 425.8128795975836 0 1
1 3.1500000000000012 3.1650000000000014 159.17432734329714 428.3754368592871 0 1
1 3.1650000000000014 3.1800000000000015 160.29245652113232 430.9534156829822 0 1
1 3.1800000000000015 3.1950000000000016 161.4184400614088 433.5469088761849 0 1
1 3.1950000000000016 3.2100000000000017 162.55233313754562 436.15600980492985 0 1
1 3.2100000000000017 3.225000000000002 163.6941913105301 438.7808123971331 0 1
1 3.225000000000002 3.240000000000002 164.84407053164148 441.42141114597104 0 1
1 3.240000000000002 3.255000000000002 166.00202714519136 444.07790111328376 0 1
1 3.255000000000002 3.2700000000000022 167.16811789128565 446.750377932997 0 1
1 3.2700000000000022 3.2850000000000024 168.34239990860436 449.4389378145646 0 1
1 3.2850000000000024 3.3000000000000025 169.524930737201 452.1436775464334 0 1
1 3.3000000000000025 3.3150000000000026 170.7157683213231 454.8646944995254 0 1
1 3.3150000000000026 3.3300000000000027 171.91497101225025 457.60208663074485 0 1
1 3.3300000000000027 3.345000000000003 173.1225975711545 460.3559524865041 0 1
1 3.345000000000003 3.360000000000003 174.3387071719786 463.12639120627097 0 1
1 3.360000000000003 3.375000000000003 175.56335940433644 465.9135025261393 0 1
1 3.375000000000003 3.3900000000000032 176.79661427643262 468.7173867824174 0 1
1 3.3900000000000032 3.4050000000000034 178.0385322180023 471.53814491524116 0 1
1 3.4050000000000034 3.4200000000000035 179.28917408327342 474.37587847220766 0 1
1 3.4200000000000035 3.4350000000000036 180.5486011539473 477.23068961203217 0 1
1 3.4350000000000036 3.4500000000000037 181.8168751422027 480.10268110822375 0 1
1 3.4500000000000037 3.465000000000004 183.0940581937185 482.99195635278636 0 1
1 3.465000000000004 3.480000000000004 184.3802128907201 485.8986193599409 0 1
1 3.480000000000004 3.495000000000004 185.67540225504462 488.822774769869 0 1
1 3.495000000000004 3.5100000000000042 186.97968975123024 491.7645278524822 0 1
1 3.5100000000000042 3.5250000000000044 188.29313928962546 494.72398451120876 0 1
1 3.5250000000000044 3.5400000000000045 189.61581522952005 497.7012512868079 0 1
1 3.5400000000000045 3.5550000000000046 190.9477823823001 500.69643536120526 0 1
1 3.5550000000000046 3.5700000000000047 192.28910601462223 503.70964456135044 0 1
1 3.5700000000000047 3.585000000000005 193.63985185161317 506.74098736310094 0 1
1 3.585000000000005 3.600000000000005 195.00008608008883 509.7905728951246 0 1
1 3.600000000000005 3.615000000000005 196.36987535179875 512.85851094283 0 1
1 3.615000000000005 3.6300000000000052 197.74928678669147 515.9449119523181 0 1
1 3.6300000000000052 3.6450000000000053 199.13838797620298 519.0498870343581 0 1
1 3.6450000000000053 3.6600000000000055 200.53724698656984 522.1735479683892 0 1
1 3.6600000000000055 3.6750000000000056 201.9459323621631 525.3160072065422 0 1
1 3.6750000000000056 3.6900000000000057 203.36451312884836 528.4773778776886 0 1
1 3.6900000000000057 3.705000000000006 204.79305879736665 531.6577737915144 0 1
1 3.705000000000006 3.720000000000006 206.23163936674177 534.8573094426151 0 1
1 3.720000000000006 3.735000000000006 207.68032532770962 538.076100014621 0 1
1 3.735000000000006 3.750000000000006 209.13918766617178 541.3142613843398 0 1
1 3.750000000000006 3.7650000000000063 210.60829786667512 544.5719101259303 0 1
1 3.7650000000000063 3.7800000000000065 212.087727915913 547.8491635150993 0 1
1 3.7800000000000065 3.7950000000000066 213.57755030625424 551.1461395333221 0 1
1 3.7950000000000066 3.8100000000000067 215.07783803929368 554.4629568720925 0 1
1 3.8100000000000067 3.825000000000007 216.5886646294308 557.7997349371923 0 1
1 3.825000000000007 3.840000000000007 218.11010410747042 561.1565938529922 0 1
1 3.840000000000007 3.855000000000007 219.6422310242516 564.5336544667758 0 1
1 3.855000000000007 3.870000000000007 221.18512045429995 567.9310383530895 0 1
1 3.870000000000007 3.8850000000000073 222.7388479995059 571.3488678181211 0 1
1 3.8850000000000073 3.9000000000000075 224.30348979283042 574.7872659040997 0 1
1 3.9000000000000075 3.9150000000000076 225.87912250203408 578.2463563937282 0 1
1 3.9150000000000076 3.9300000000000077 227.46582333343525 581.7262638146374 0 1
1 3.9300000000000077 3.945000000000008 229.06367003569173 585.2271134438699 0 1
1 3.945000000000008 3.960000000000008 230.67274090361187 588.7490313123916 0 1
1 3.960000000000008 3.975000000000008 232.29311478199034 592.2921442096255 0 1
1 3.975000000000008 3.990000000000008 233.92487106947098 595.8565796880185 0 1
1 3.990000000000008 4.005000000000008 235.5680897224388 599.4424660676324 0 1
1 4.005000000000008 4.020000000000008 237.2228512589361 603.0499324407651 0 1
1 4.020000000000008 4.035000000000007 238.88923676260953 606.6791086765951 0 1
1 4.035000000000007 4.050000000000007 240.56732788668214 610.3301254258585 0 1
1 4.050000000000007 4.065000000000007 242.257206857955 614.0031141255533 0 1
1 4.065000000000007 4.080000000000006 243.9589564808354 617.6982070036686 0 1
1 4.080000000000006 4.095000000000006 245.67266014139557 621.415537083948 0 1
1 4.095000000000006 4.110000000000006 247.39840181145775 625.1552381906754 0 1
1 4.110000000000006 4.125000000000005 249.13626605270906 628.917444953494 0 1
1 4.125000000000005 4.140000000000005 250.88633802084505 632.7022928122547 0 1
1 4.140000000000005 4.155000000000005 252.64870346974254 636.5099180218879 0 1
1 4.155000000000005 4.170000000000004 254.4234487556607 640.3404576573137 0 1
1 4.170000000000004 4.185000000000004 256.21066084147384 644.1940496183719 0 1
1 4.185000000000004 4.200000000000004 258.01042730093184 648.0708326347889 0 1
1 4.200000000000004 4.215000000000003 259.82283632295145 651.970946271173 0 1
1 4.215000000000003 4.230000000000003 261.6479767159369 655.8945309320353 0 1
1 4.230000000000003 4.245000000000003 263.485937912133 659.8417278668484 0 1
1 4.245000000000003 4.2600000000000025 265.336809972006 663.8126791751276 0 1
1 4.2600000000000025 4.275000000000002 267.20068358865717 667.8075278115485 0 1
1 4.275000000000002 4.290000000000002 269.07765009226694 671.8264175910946 0 1
1 4.290000000000002 4.3050000000000015 270.967801454569 675.8694931942305 0 1
1 4.3050000000000015 4.320000000000001 272.87123029335856 679.9369001721161 0 1
1 4.320000000000001 4.335000000000001 274.7880298770296 684.0287849518412 0 1
1 4.335000000000001 4.3500000000000005 276.7182941291452 688.1452948416991 0 1
1 4.3500000000000005 4.365 278.66211763304017 692.2865780364916 0 1
1 4.365 4.38 280.6195956364547 696.45278362286 0 1
1 4.38 4.395 282.59082405620273 700.6440615846564 0 1
1 4.395 4.409999999999999 284.57589948287136 704.8605628083394 0 1
1 4.409999999999999 4.424999999999999 286.57491918555365 709.102439088408 0 1
1 4.424999999999999 4.439999999999999 288.58798111661525 713.3698431328676 0 1
1 4.439999999999999 4.454999999999998 290.61518391649304 717.6629285687233 0 1
1 4.454999999999998 4.469999999999998 292.65662691853004 721.9818499475158 0 1
1 4.469999999999998 4.484999999999998 294.7124101538419 726.3267627508806 0 1
1 4.484999999999998 4.499999999999997 296.7826343562184 730.6978233961471 0 1
